Starting Dynare (version 5.1).
Calling Dynare with arguments: -DSlowReallocation -DRamseyModel
Starting preprocessing of the model file ...
WARNING: in the 'steady_state_model' block, variable 'mu_hat' is not assigned a value
WARNING: in the 'steady_state_model' block, variable 'z_hat' is not assigned a value
WARNING: in the 'steady_state_model' block, variable 'mps_hat' is not assigned a value
WARNING: in the 'steady_state_model' block, variable 'pm_hat' is not assigned a value
WARNING: in the 'steady_state_model' block, variable 'teta_hat' is not assigned a value
WARNING: in the 'steady_state_model' block, variable 'u_hat' is not assigned a value
WARNING: in the 'steady_state_model' block, variable 'phi_cap_hat' is not assigned a value
WARNING: in the 'steady_state_model' block, variable 'omega_hat' is not assigned a value
WARNING: in the 'steady_state_model' block, variable 's_g_hat' is not assigned a value
WARNING: in the 'steady_state_model' block, variable 's_b_hat' is not assigned a value
WARNING: in the 'steady_state_model' block, variable 'W_hat' is not assigned a value
WARNING: in the 'steady_state_model' block, variable 'v_hat' is not assigned a value
WARNING: in the 'steady_state_model' block, variable 'l_b_hat' is not assigned a value
WARNING: in the 'steady_state_model' block, variable 'l_g_hat' is not assigned a value
WARNING: in the 'steady_state_model' block, variable 'C_hat' is not assigned a value
WARNING: in the 'steady_state_model' block, variable 'lambda_hat' is not assigned a value
WARNING: in the 'steady_state_model' block, variable 'varphi_hat' is not assigned a value
WARNING: in the 'steady_state_model' block, variable 'Q_hat' is not assigned a value
WARNING: in the 'steady_state_model' block, variable 'EE_hat' is not assigned a value
WARNING: in the 'steady_state_model' block, variable 'UE_hat' is not assigned a value
WARNING: in the 'steady_state_model' block, variable 'AC_hat' is not assigned a value
WARNING: in the 'steady_state_model' block, variable 'mismatch_hat' is not assigned a value
Ramsey Problem: added 23 Multipliers.
Found 23 equation(s).
Found 47 FOC equation(s) for Ramsey Problem.
Evaluating expressions...done
Computing static model derivatives (order 1).
Computing dynamic model derivatives (order 1).
Computing static model derivatives (order 3).
Processing outputs ...
done
Preprocessing completed.


<a href = "matlab: helpview('optim','eqn_solved','CSHelpWindow');">Equation solved</a>.

fsolve completed because the vector of function values is near zero
as measured by the value of the <a href = "matlab: helpview('optim','fcn_tolerance_fsolve','CSHelpWindow');">function tolerance</a>, and
the <a href = "matlab: helpview('optim','appears_regular','CSHelpWindow');">problem appears regular</a> as measured by the gradient.

<<a href = "matlab: createExitMsg({'optim:fsolve:Exit1basic','fsolve'},{'optim:fsolve:Exit1detailed','3.365780e-18','1.000000e-10','1.925930e-34','1.000000e-05'},true,true);;">stopping criteria details</a>>

<a href = "matlab: helpview('optim','eqn_solved','CSHelpWindow');">Equation solved</a>.

fsolve completed because the vector of function values is near zero
as measured by the value of the <a href = "matlab: helpview('optim','fcn_tolerance_fsolve','CSHelpWindow');">function tolerance</a>, and
the <a href = "matlab: helpview('optim','appears_regular','CSHelpWindow');">problem appears regular</a> as measured by the gradient.

<<a href = "matlab: createExitMsg({'optim:fsolve:Exit1basic','fsolve'},{'optim:fsolve:Exit1detailed','3.365780e-18','1.000000e-10','1.925930e-34','1.000000e-05'},true,true);;">stopping criteria details</a>>

STEADY-STATE RESULTS:

mu_hat       		 0
z_hat        		 0
mps_hat      		 0
pm_hat       		 0
teta_hat     		 0
u_hat        		 0
phi_cap_hat  		 0
omega_hat    		 0
s_g_hat      		 0
s_b_hat      		 0
W_hat        		 0
v_hat        		 0
l_b_hat      		 0
l_g_hat      		 0
C_hat        		 0
lambda_hat   		 0
pi           		 0
varphi_hat   		 0
r_hat        		 0
Q_hat        		 0
EE_hat       		 0
UE_hat       		 0
AC_hat       		 0
mismatch_hat 		 0




Residuals of the static equations:

Equation number 1 : 0 : mu_hat
Equation number 2 : 0 : z_hat
Equation number 3 : 0 : mps_hat
Equation number 4 : 0 : pm_hat
Equation number 5 : 0 : v_hat
Equation number 6 : 0 : u_hat
Equation number 7 : 0 : phi_cap_hat
Equation number 8 : 0 : lambda_hat
Equation number 9 : 0 : 9
Equation number 10 : 0 : pi
Equation number 11 : 0 : omega_hat
Equation number 12 : 0 : 12
Equation number 13 : 0 : 13
Equation number 14 : 0 : 14
Equation number 15 : 0 : 15
Equation number 16 : 0 : 16
Equation number 17 : 0 : 17
Equation number 18 : 0 : 18
Equation number 19 : 0 : 19
Equation number 20 : 0 : UE_hat
Equation number 21 : 0 : 21
Equation number 22 : 0 : AC_hat
Equation number 23 : 0 : 23



EIGENVALUES:
         Modulus             Real        Imaginary

       1.488e-16        1.488e-16                0
       2.146e-09       -2.146e-09                0
       2.146e-09        2.146e-09                0
          0.6746           0.6746                0
             0.8              0.8                0
             0.8              0.8                0
             0.8              0.8                0
             0.8              0.8                0
           0.956            0.956                0
          0.9647           0.9647                0
          0.9839           0.9839                0
           1.018            1.018                0
           1.038            1.038                0
           1.047            1.047                0
           1.252            1.252                0
           1.252            1.252                0
           1.252            1.252                0
           1.252            1.252                0
           1.484            1.484                0
             Inf             -Inf                0
             Inf             -Inf                0
             Inf             -Inf                0


There are 11 eigenvalue(s) larger than 1 in modulus 
for 11 forward-looking variable(s)

The rank condition is verified.


MODEL SUMMARY

  Number of variables:         47
  Number of stochastic shocks: 4
  Number of state variables:   11
  Number of jumpers:           11
  Number of static variables:  26


MATRIX OF COVARIANCE OF EXOGENOUS SHOCKS
Variables      eps_mu     eps_z   eps_mps    eps_pm
eps_mu       0.000030  0.000000  0.000000  0.000000
eps_z        0.000000  0.000009  0.000000  0.000000
eps_mps      0.000000  0.000000  0.000001  0.000000
eps_pm       0.000000  0.000000  0.000000  0.000000

POLICY AND TRANSITION FUNCTIONS
                               u_hat           Q_hat              pi          EE_hat          AC_hat    mismatch_hat      varphi_hat          pm_hat           z_hat           r_hat       omega_hat         l_b_hat      lambda_hat           W_hat           v_hat        teta_hat
mu_hat(-1)                         0        0.001182       -0.021246       -0.001015        0.197189               0       -0.789466               0               0        0.143912        0.462476               0        0.799610       -0.763781       -0.435407       -0.660680
z_hat(-1)                          0        0.003565       -0.064117       -0.002478        0.481221               0       -1.572704               0        0.800000       -0.048610        1.128633               0       -0.001177       -0.127766       -1.062573       -1.612332
pm_hat(-1)                         0       -0.197658        3.555405       -0.010668        2.071519               0       -0.378802        0.800000               0        2.710478        4.858436               0        0.065227       -0.612499       -4.574070       -6.940623
u_hat(-1)                   0.748946       -0.000129        0.002330        0.002562       -0.263950        0.118258        0.094566               0               0        0.001716       -0.621860        0.053429        0.000043        0.007117        0.662829        0.888372
phi_cap_hat(-1)            -0.231054        0.000029       -0.000528       -0.000509        0.075881        0.012634       -0.026656               0               0       -0.000357        0.178244        0.032634       -0.000010       -0.001646       -0.191679       -0.254634
MULT_9(-1)                         0        0.688071        0.021106        0.001261       -0.244830               0        1.593546               0               0       -0.207084       -0.574213               0       -0.227064        0.267436        0.540604        0.820304
MULT_10(-1)                        0        0.027696        0.011939        0.000346       -0.067190               0        0.061880               0               0        0.011290       -0.157585               0       -0.009140        0.026112        0.148362        0.225122
MULT_15(-1)                        0        2.715982        0.651543        0.027209       -5.283380               0        6.119760               0               0        0.577017      -12.391373               0       -0.896274        2.211195       11.666101       17.701961
l_b_hat(-1)                        0       -0.000203        0.003719        0.005498       -0.108362        0.959205        0.049174               0               0        0.003357       -0.265673        0.959205        0.000067        0.010724        0.250123        0.379533
eps_mu                             0        0.001477       -0.026558       -0.001269        0.246486               0       -0.986833               0               0        0.179890        0.578095               0        0.999513       -0.954727       -0.544259       -0.825850
eps_z                              0       -0.004457        0.080147        0.003098       -0.601527               0        1.965880               0       -1.000000        0.060762       -1.410791               0        0.001471        0.159708        1.328217        2.015415
eps_pm                             0       -0.247072        4.444256       -0.013335        2.589399               0       -0.473503        1.000000               0        3.388098        6.073045               0        0.081534       -0.765623       -5.717588       -8.675779


THEORETICAL MOMENTS
VARIABLE             MEAN  STD. DEV.   VARIANCE
u_hat              0.0000     0.0022     0.0000
Q_hat              0.0000     0.0006     0.0000
pi                 0.0000     0.0008     0.0000
EE_hat             0.0000     0.0000     0.0000
AC_hat             0.0000     0.0034     0.0000
mismatch_hat       0.0000     0.0006     0.0000
varphi_hat         0.0000     0.0130     0.0002
pm_hat             0.0000     0.0002     0.0000
z_hat              0.0000     0.0050     0.0000
r_hat              0.0000     0.0018     0.0000
omega_hat          0.0000     0.0079     0.0001
l_b_hat            0.0000     0.0006     0.0000
lambda_hat         0.0000     0.0091     0.0001
W_hat              0.0000     0.0087     0.0001
v_hat              0.0000     0.0073     0.0001
teta_hat           0.0000     0.0113     0.0001



VARIANCE DECOMPOSITION (in percent)
                 eps_mu    eps_z  eps_mps   eps_pm
u_hat             29.93    52.23     0.00    17.85
Q_hat              7.43    20.32     0.00    72.25
pi                 7.61    20.69     0.00    71.70
EE_hat            34.16    60.46     0.00     5.39
AC_hat            32.62    57.47     0.00     9.91
mismatch_hat      20.59    34.15     0.00    45.26
varphi_hat        45.98    53.47     0.00     0.55
pm_hat             0.00     0.00     0.00   100.00
z_hat              0.00   100.00     0.00     0.00
r_hat             88.01     2.67     0.00     9.32
omega_hat         32.63    57.49     0.00     9.88
l_b_hat           23.53    39.84     0.00    36.63
lambda_hat        99.96     0.01     0.00     0.03
W_hat             98.92     0.74     0.00     0.33
v_hat             32.77    57.76     0.00     9.47
teta_hat          32.63    57.49     0.00     9.88



MATRIX OF CORRELATIONS
Variables              u_hat         Q_hat            pi        EE_hat        AC_hat  mismatch_hat    varphi_hat        pm_hat         z_hat         r_hat     omega_hat       l_b_hat    lambda_hat         W_hat         v_hat      teta_hat
u_hat                 1.0000       -0.1795       -0.2916       -0.4592        0.5932        0.3002       -0.6520        0.1416        0.5093        0.2885        0.5926       -0.0226        0.3920       -0.4470       -0.5722       -0.5926
Q_hat                -0.1795        1.0000       -0.0840        0.1610       -0.1945       -0.1265       -0.1069       -0.3192        0.1713        0.1046       -0.1943       -0.0721        0.0831       -0.0533        0.1923        0.1943
pi                   -0.2916       -0.0840        1.0000        0.3695       -0.3953       -0.0703        0.4978        0.8086       -0.4337        0.0884       -0.3952        0.0247       -0.2618        0.2904        0.3933        0.3952
EE_hat               -0.4592        0.1610        0.3695        1.0000       -0.9738        0.1649        0.8961       -0.1922       -0.6911       -0.4042       -0.9740        0.3276       -0.5303        0.6030        0.9774        0.9740
AC_hat                0.5932       -0.1945       -0.3953       -0.9738        1.0000        0.0492       -0.9353        0.2007        0.7215        0.4175        1.0000       -0.1485        0.5542       -0.6310       -0.9997       -1.0000
mismatch_hat          0.3002       -0.1265       -0.0703        0.1649        0.0492        1.0000       -0.0697        0.0142        0.0510        0.0099        0.0482        0.9468        0.0415       -0.0512       -0.0397       -0.0482
varphi_hat           -0.6520       -0.1069        0.4978        0.8961       -0.9353       -0.0697        1.0000       -0.0278       -0.7298       -0.5211       -0.9352        0.1469       -0.6766        0.7394        0.9318        0.9352
pm_hat                0.1416       -0.3192        0.8086       -0.1922        0.2007        0.0142       -0.0278        1.0000        0.0000        0.2836        0.2006       -0.0329        0.0067       -0.0299       -0.1999       -0.2006
z_hat                 0.5093        0.1713       -0.4337       -0.6911        0.7215        0.0510       -0.7298        0.0000        1.0000       -0.1513        0.7214       -0.1183       -0.0036       -0.0819       -0.7186       -0.7214
r_hat                 0.2885        0.1046        0.0884       -0.4042        0.4175        0.0099       -0.5211        0.2836       -0.1513        1.0000        0.4175       -0.0869        0.9370       -0.9204       -0.4161       -0.4175
omega_hat             0.5926       -0.1943       -0.3952       -0.9740        1.0000        0.0482       -0.9352        0.2006        0.7214        0.4175        1.0000       -0.1494        0.5541       -0.6309       -0.9997       -1.0000
l_b_hat              -0.0226       -0.0721        0.0247        0.3276       -0.1485        0.9468        0.1469       -0.0329       -0.1183       -0.0869       -0.1494        1.0000       -0.0887        0.0971        0.1514        0.1494
lambda_hat            0.3920        0.0831       -0.2618       -0.5303        0.5542        0.0415       -0.6766        0.0067       -0.0036        0.9370        0.5541       -0.0887        1.0000       -0.9953       -0.5519       -0.5541
W_hat                -0.4470       -0.0533        0.2904        0.6030       -0.6310       -0.0512        0.7394       -0.0299       -0.0819       -0.9204       -0.6309        0.0971       -0.9953        1.0000        0.6285        0.6309
v_hat                -0.5722        0.1923        0.3933        0.9774       -0.9997       -0.0397        0.9318       -0.1999       -0.7186       -0.4161       -0.9997        0.1514       -0.5519        0.6285        1.0000        0.9997
teta_hat             -0.5926        0.1943        0.3952        0.9740       -1.0000       -0.0482        0.9352       -0.2006       -0.7214       -0.4175       -1.0000        0.1494       -0.5541        0.6309        0.9997        1.0000



COEFFICIENTS OF AUTOCORRELATION
Order                1       2       3       4       5
u_hat           0.9586  0.8751  0.7744  0.6710  0.5728
Q_hat           0.9968  0.9886  0.9766  0.9618  0.9448
pi              0.7766  0.5988  0.4574  0.3450  0.2558
EE_hat          0.7035  0.4912  0.3385  0.2282  0.1482
AC_hat          0.7347  0.5445  0.4070  0.3071  0.2339
mismatch_hat    0.9951  0.9829  0.9656  0.9447  0.9213
varphi_hat      0.7888  0.6221  0.4902  0.3858  0.3030
pm_hat          0.8000  0.6400  0.5120  0.4096  0.3277
z_hat           0.8000  0.6400  0.5120  0.4096  0.3277
r_hat           0.8026  0.6445  0.5179  0.4165  0.3353
omega_hat       0.7345  0.5441  0.4066  0.3066  0.2333
l_b_hat         0.9836  0.9490  0.9055  0.8586  0.8116
lambda_hat      0.7993  0.6388  0.5104  0.4077  0.3256
W_hat           0.7978  0.6363  0.5071  0.4040  0.3215
v_hat           0.7229  0.5269  0.3875  0.2877  0.2157
teta_hat        0.7345  0.5441  0.4066  0.3066  0.2333

MODEL SUMMARY

  Number of variables:         47
  Number of stochastic shocks: 4
  Number of state variables:   11
  Number of jumpers:           11
  Number of static variables:  26


MATRIX OF COVARIANCE OF EXOGENOUS SHOCKS
Variables      eps_mu     eps_z   eps_mps    eps_pm
eps_mu       0.000030  0.000000  0.000000  0.000000
eps_z        0.000000  0.000009  0.000000  0.000000
eps_mps      0.000000  0.000000  0.000001  0.000000
eps_pm       0.000000  0.000000  0.000000  0.000000

POLICY AND TRANSITION FUNCTIONS
                               u_hat           Q_hat              pi          EE_hat          AC_hat    mismatch_hat      varphi_hat          pm_hat           z_hat           r_hat       omega_hat         l_b_hat      lambda_hat           W_hat           v_hat        teta_hat
mu_hat(-1)                         0        0.001182       -0.021246       -0.001015        0.197189               0       -0.789466               0               0        0.143912        0.462476               0        0.799610       -0.763781       -0.435407       -0.660680
z_hat(-1)                          0        0.003565       -0.064117       -0.002478        0.481221               0       -1.572704               0        0.800000       -0.048610        1.128633               0       -0.001177       -0.127766       -1.062573       -1.612332
pm_hat(-1)                         0       -0.197658        3.555405       -0.010668        2.071519               0       -0.378802        0.800000               0        2.710478        4.858436               0        0.065227       -0.612499       -4.574070       -6.940623
u_hat(-1)                   0.748946       -0.000129        0.002330        0.002562       -0.263950        0.118258        0.094566               0               0        0.001716       -0.621860        0.053429        0.000043        0.007117        0.662829        0.888372
phi_cap_hat(-1)            -0.231054        0.000029       -0.000528       -0.000509        0.075881        0.012634       -0.026656               0               0       -0.000357        0.178244        0.032634       -0.000010       -0.001646       -0.191679       -0.254634
MULT_9(-1)                         0        0.688071        0.021106        0.001261       -0.244830               0        1.593546               0               0       -0.207084       -0.574213               0       -0.227064        0.267436        0.540604        0.820304
MULT_10(-1)                        0        0.027696        0.011939        0.000346       -0.067190               0        0.061880               0               0        0.011290       -0.157585               0       -0.009140        0.026112        0.148362        0.225122
MULT_15(-1)                        0        2.715982        0.651543        0.027209       -5.283380               0        6.119760               0               0        0.577017      -12.391373               0       -0.896274        2.211195       11.666101       17.701961
l_b_hat(-1)                        0       -0.000203        0.003719        0.005498       -0.108362        0.959205        0.049174               0               0        0.003357       -0.265673        0.959205        0.000067        0.010724        0.250123        0.379533
eps_mu                             0        0.001477       -0.026558       -0.001269        0.246486               0       -0.986833               0               0        0.179890        0.578095               0        0.999513       -0.954727       -0.544259       -0.825850
eps_z                              0       -0.004457        0.080147        0.003098       -0.601527               0        1.965880               0       -1.000000        0.060762       -1.410791               0        0.001471        0.159708        1.328217        2.015415
eps_pm                             0       -0.247072        4.444256       -0.013335        2.589399               0       -0.473503        1.000000               0        3.388098        6.073045               0        0.081534       -0.765623       -5.717588       -8.675779


MOMENTS OF SIMULATED VARIABLES
VARIABLE                  MEAN       STD. DEV.        VARIANCE        SKEWNESS        KURTOSIS
u_hat                 0.000003        0.002193        0.000005        0.000383       -0.071628
Q_hat                -0.000021        0.000560        0.000000       -0.242517       -0.108929
pi                    0.000001        0.000821        0.000001       -0.031708       -0.031562
EE_hat               -0.000000        0.000016        0.000000        0.038004       -0.041217
AC_hat                0.000005        0.003325        0.000011       -0.029008       -0.005333
mismatch_hat          0.000001        0.000559        0.000000        0.324723        0.230287
varphi_hat            0.000130        0.012861        0.000165        0.078821       -0.018443
pm_hat                0.000001        0.000164        0.000000        0.010889        0.071532
z_hat                -0.000053        0.004867        0.000024        0.000148       -0.048385
r_hat                -0.000016        0.001727        0.000003       -0.006261       -0.080964
omega_hat             0.000012        0.007795        0.000061       -0.029125       -0.005514
l_b_hat               0.000001        0.000543        0.000000        0.216252        0.094853
lambda_hat           -0.000065        0.008914        0.000079       -0.036078       -0.033826
W_hat                 0.000056        0.008527        0.000073        0.048797       -0.047141
v_hat                -0.000011        0.007206        0.000052        0.029888       -0.004683
teta_hat             -0.000018        0.011136        0.000124        0.029125       -0.005514


CORRELATION OF SIMULATED VARIABLES
VARIABLE               u_hat         Q_hat            pi        EE_hat        AC_hat  mismatch_hat    varphi_hat        pm_hat         z_hat         r_hat     omega_hat       l_b_hat    lambda_hat         W_hat         v_hat      teta_hat
u_hat                 1.0000       -0.1677       -0.2953       -0.4715        0.5980        0.2535       -0.6585        0.1411        0.5321        0.2870        0.5974       -0.0886        0.3902       -0.4464       -0.5770       -0.5974
Q_hat                -0.1677        1.0000       -0.0864        0.1647       -0.1886       -0.0774       -0.1140       -0.3171        0.1381        0.1525       -0.1885       -0.0211        0.1307       -0.0981        0.1867        0.1885
pi                   -0.2953       -0.0864        1.0000        0.3577       -0.3891       -0.0886        0.4950        0.8072       -0.4204        0.0698       -0.3890        0.0120       -0.2815        0.3086        0.3869        0.3890
EE_hat               -0.4715        0.1647        0.3577        1.0000       -0.9762        0.2032        0.8956       -0.2106       -0.7114       -0.4031       -0.9764        0.3740       -0.5237        0.5983        0.9796        0.9764
AC_hat                0.5980       -0.1886       -0.3891       -0.9762        1.0000       -0.0016       -0.9350        0.2098        0.7417        0.4170        1.0000       -0.2107        0.5496       -0.6278       -0.9997       -1.0000
mismatch_hat          0.2535       -0.0774       -0.0886        0.2032       -0.0016        1.0000       -0.0364       -0.0432        0.0176       -0.0008       -0.0026        0.9411        0.0352       -0.0392        0.0106        0.0026
varphi_hat           -0.6585       -0.1140        0.4950        0.8956       -0.9350       -0.0364        1.0000       -0.0341       -0.7404       -0.5318       -0.9349        0.1927       -0.6839        0.7472        0.9315        0.9349
pm_hat                0.1411       -0.3171        0.8072       -0.2106        0.2098       -0.0432       -0.0341        1.0000        0.0321        0.2606        0.2098       -0.0938       -0.0181       -0.0080       -0.2093       -0.2098
z_hat                 0.5321        0.1381       -0.4204       -0.7114        0.7417        0.0176       -0.7404        0.0321        1.0000       -0.1232        0.7416       -0.1679        0.0219       -0.1090       -0.7386       -0.7416
r_hat                 0.2870        0.1525        0.0698       -0.4031        0.4170       -0.0008       -0.5318        0.2606       -0.1232        1.0000        0.4170       -0.1012        0.9364       -0.9200       -0.4156       -0.4170
omega_hat             0.5974       -0.1885       -0.3890       -0.9764        1.0000       -0.0026       -0.9349        0.2098        0.7416        0.4170        1.0000       -0.2116        0.5495       -0.6277       -0.9997       -1.0000
l_b_hat              -0.0886       -0.0211        0.0120        0.3740       -0.2107        0.9411        0.1927       -0.0938       -0.1679       -0.1012       -0.2116        1.0000       -0.1001        0.1157        0.2127        0.2116
lambda_hat            0.3902        0.1307       -0.2815       -0.5237        0.5496        0.0352       -0.6839       -0.0181        0.0219        0.9364        0.5495       -0.1001        1.0000       -0.9952       -0.5474       -0.5495
W_hat                -0.4464       -0.0981        0.3086        0.5983       -0.6278       -0.0392        0.7472       -0.0080       -0.1090       -0.9200       -0.6277        0.1157       -0.9952        1.0000        0.6253        0.6277
v_hat                -0.5770        0.1867        0.3869        0.9796       -0.9997        0.0106        0.9315       -0.2093       -0.7386       -0.4156       -0.9997        0.2127       -0.5474        0.6253        1.0000        0.9997
teta_hat             -0.5974        0.1885        0.3890        0.9764       -1.0000        0.0026        0.9349       -0.2098       -0.7416       -0.4170       -1.0000        0.2116       -0.5495        0.6277        0.9997        1.0000


AUTOCORRELATION OF SIMULATED VARIABLES
VARIABLE             1       2       3       4       5
u_hat           0.9592  0.8776  0.7783  0.6747  0.5746
Q_hat           0.9966  0.9882  0.9760  0.9609  0.9435
pi              0.7709  0.5921  0.4552  0.3449  0.2595
EE_hat          0.7074  0.5076  0.3634  0.2553  0.1745
AC_hat          0.7348  0.5534  0.4219  0.3226  0.2477
mismatch_hat    0.9943  0.9807  0.9610  0.9369  0.9097
varphi_hat      0.7887  0.6291  0.5023  0.3987  0.3161
pm_hat          0.7988  0.6400  0.5141  0.4128  0.3264
z_hat           0.7951  0.6378  0.5138  0.4134  0.3319
r_hat           0.7891  0.6285  0.4978  0.3936  0.3128
omega_hat       0.7346  0.5531  0.4215  0.3222  0.2472
l_b_hat         0.9825  0.9459  0.8993  0.8483  0.7964
lambda_hat      0.7877  0.6275  0.4966  0.3935  0.3144
W_hat           0.7869  0.6260  0.4947  0.3906  0.3106
v_hat           0.7229  0.5361  0.4028  0.3037  0.2301
teta_hat        0.7346  0.5531  0.4215  0.3222  0.2472



VARIANCE DECOMPOSITION SIMULATING ONE SHOCK AT A TIME (in percent)
                          eps_mu             eps_z           eps_mps            eps_pm  Tot. lin. contr.
u_hat                      28.56             51.12              0.00             16.38             96.06
Q_hat                       7.75             19.17              0.00             69.71             96.64
pi                          7.55             20.66              0.00             72.99            101.20
EE_hat                     33.34             59.01              0.00              5.17             97.51
AC_hat                     32.19             56.63              0.00              9.26             98.08
mismatch_hat               21.96             35.61              0.00             44.92            102.49
varphi_hat                 45.01             52.27              0.00              0.51             97.79
pm_hat                      0.00              0.00              0.00            100.01            100.01
z_hat                       0.00            100.01              0.00              0.00            100.01
r_hat                      89.13              2.71              0.00              9.66            101.50
omega_hat                  32.20             56.64              0.00              9.23             98.08
l_b_hat                    24.18             40.85              0.00             35.26            100.29
lambda_hat                100.15              0.01              0.00              0.03            100.19
W_hat                      99.04              0.75              0.00              0.32            100.11
v_hat                      32.39             56.93              0.00              8.86             98.18
teta_hat                   32.20             56.64              0.00              9.23             98.08
Note: numbers do not add up to 100 due to non-zero correlation of simulated shocks in small samples

Total computing time : 0h00m01s
Note: 22 warning(s) encountered in the preprocessor
Note: warning(s) encountered in MATLAB/Octave code
