Starting Dynare (version 5.1).
Calling Dynare with arguments: -DSlowReallocation -DRamseyModel
Starting preprocessing of the model file ...
WARNING: in the 'steady_state_model' block, variable 'mu_hat' is not assigned a value
WARNING: in the 'steady_state_model' block, variable 'z_hat' is not assigned a value
WARNING: in the 'steady_state_model' block, variable 'mps_hat' is not assigned a value
WARNING: in the 'steady_state_model' block, variable 'pm_hat' is not assigned a value
WARNING: in the 'steady_state_model' block, variable 'teta_hat' is not assigned a value
WARNING: in the 'steady_state_model' block, variable 'u_hat' is not assigned a value
WARNING: in the 'steady_state_model' block, variable 'phi_cap_hat' is not assigned a value
WARNING: in the 'steady_state_model' block, variable 'omega_hat' is not assigned a value
WARNING: in the 'steady_state_model' block, variable 's_g_hat' is not assigned a value
WARNING: in the 'steady_state_model' block, variable 's_b_hat' is not assigned a value
WARNING: in the 'steady_state_model' block, variable 'W_hat' is not assigned a value
WARNING: in the 'steady_state_model' block, variable 'v_hat' is not assigned a value
WARNING: in the 'steady_state_model' block, variable 'l_b_hat' is not assigned a value
WARNING: in the 'steady_state_model' block, variable 'l_g_hat' is not assigned a value
WARNING: in the 'steady_state_model' block, variable 'C_hat' is not assigned a value
WARNING: in the 'steady_state_model' block, variable 'lambda_hat' is not assigned a value
WARNING: in the 'steady_state_model' block, variable 'varphi_hat' is not assigned a value
WARNING: in the 'steady_state_model' block, variable 'Q_hat' is not assigned a value
WARNING: in the 'steady_state_model' block, variable 'EE_hat' is not assigned a value
WARNING: in the 'steady_state_model' block, variable 'UE_hat' is not assigned a value
WARNING: in the 'steady_state_model' block, variable 'AC_hat' is not assigned a value
WARNING: in the 'steady_state_model' block, variable 'mismatch_hat' is not assigned a value
Ramsey Problem: added 23 Multipliers.
Found 23 equation(s).
Found 47 FOC equation(s) for Ramsey Problem.
Evaluating expressions...done
Computing static model derivatives (order 1).
Computing dynamic model derivatives (order 1).
Computing static model derivatives (order 3).
Processing outputs ...
done
Preprocessing completed.


<a href = "matlab: helpview('optim','eqn_solved','CSHelpWindow');">Equation solved</a>.

fsolve completed because the vector of function values is near zero
as measured by the value of the <a href = "matlab: helpview('optim','fcn_tolerance_fsolve','CSHelpWindow');">function tolerance</a>, and
the <a href = "matlab: helpview('optim','appears_regular','CSHelpWindow');">problem appears regular</a> as measured by the gradient.

<<a href = "matlab: createExitMsg({'optim:fsolve:Exit1basic','fsolve'},{'optim:fsolve:Exit1detailed','3.306884e-15','1.000000e-10','3.561044e-31','1.000000e-05'},true,true);;">stopping criteria details</a>>

<a href = "matlab: helpview('optim','eqn_solved','CSHelpWindow');">Equation solved</a>.

fsolve completed because the vector of function values is near zero
as measured by the value of the <a href = "matlab: helpview('optim','fcn_tolerance_fsolve','CSHelpWindow');">function tolerance</a>, and
the <a href = "matlab: helpview('optim','appears_regular','CSHelpWindow');">problem appears regular</a> as measured by the gradient.

<<a href = "matlab: createExitMsg({'optim:fsolve:Exit1basic','fsolve'},{'optim:fsolve:Exit1detailed','3.306884e-15','1.000000e-10','3.561044e-31','1.000000e-05'},true,true);;">stopping criteria details</a>>

STEADY-STATE RESULTS:

mu_hat       		 0
z_hat        		 0
mps_hat      		 0
pm_hat       		 0
teta_hat     		 0
u_hat        		 0
phi_cap_hat  		 0
omega_hat    		 0
s_g_hat      		 0
s_b_hat      		 0
W_hat        		 0
v_hat        		 0
l_b_hat      		 0
l_g_hat      		 0
C_hat        		 0
lambda_hat   		 0
pi           		 0
varphi_hat   		 0
r_hat        		 0
Q_hat        		 0
EE_hat       		 0
UE_hat       		 0
AC_hat       		 0
mismatch_hat 		 0




Residuals of the static equations:

Equation number 1 : 0 : mu_hat
Equation number 2 : 0 : z_hat
Equation number 3 : 0 : mps_hat
Equation number 4 : 0 : pm_hat
Equation number 5 : 0 : v_hat
Equation number 6 : 0 : u_hat
Equation number 7 : 0 : phi_cap_hat
Equation number 8 : 0 : lambda_hat
Equation number 9 : 0 : 9
Equation number 10 : 0 : omega_hat
Equation number 11 : 0 : varphi_hat
Equation number 12 : 0 : pi
Equation number 13 : 0 : 13
Equation number 14 : 0 : 14
Equation number 15 : 0 : 15
Equation number 16 : 0 : 16
Equation number 17 : 0 : 17
Equation number 18 : 0 : 18
Equation number 19 : 0 : 19
Equation number 20 : 0 : UE_hat
Equation number 21 : 0 : 21
Equation number 22 : 0 : AC_hat
Equation number 23 : 0 : 23



EIGENVALUES:
         Modulus             Real        Imaginary

       1.954e-16        1.954e-16                0
        1.26e-13        -1.26e-13                0
       2.355e-08        2.355e-08                0
       1.772e-07        1.772e-07                0
       2.007e-07       -2.007e-07                0
          0.5876           0.5876                0
             0.8              0.8                0
             0.8              0.8                0
             0.8              0.8                0
             0.8              0.8                0
          0.8854           0.8854                0
           0.968            0.968                0
           1.034            1.034                0
           1.131            1.131                0
           1.252            1.252                0
           1.252            1.252                0
           1.252            1.252                0
           1.252            1.252                0
           1.704            1.704                0
       6.792e+15        6.792e+15                0
             Inf             -Inf                0
             Inf             -Inf                0
             Inf             -Inf                0


There are 11 eigenvalue(s) larger than 1 in modulus 
for 11 forward-looking variable(s)

The rank condition is verified.


MODEL SUMMARY

  Number of variables:         47
  Number of stochastic shocks: 4
  Number of state variables:   12
  Number of jumpers:           11
  Number of static variables:  25


MATRIX OF COVARIANCE OF EXOGENOUS SHOCKS
Variables      eps_mu     eps_z   eps_mps    eps_pm
eps_mu       0.000030  0.000000  0.000000  0.000000
eps_z        0.000000  0.000009  0.000000  0.000000
eps_mps      0.000000  0.000000  0.000001  0.000000
eps_pm       0.000000  0.000000  0.000000  0.000000

POLICY AND TRANSITION FUNCTIONS
                               u_hat           Q_hat              pi          EE_hat          AC_hat    mismatch_hat      varphi_hat          pm_hat           z_hat           r_hat       omega_hat         l_b_hat      lambda_hat           W_hat           v_hat        teta_hat
mu_hat(-1)                         0        0.015810       -0.010603        0.002636       -0.817616               0       -0.008026               0               0        0.166265       -1.913922               0        0.784190       -0.709725        1.698598        2.734174
z_hat(-1)                          0        0.477022       -0.241289       -0.053849       16.702698               0       -0.255073               0        0.800000       -0.000404       39.098608               0       -0.477022        0.407495      -34.699851      -55.855154
pm_hat(-1)                         0       -0.574421        0.385224       -0.095771       29.705980               0       -0.508410        0.800000               0       -0.227613       69.537418               0        0.574421       -0.509063      -61.714168      -99.339168
u_hat(-1)                   0.266955       -0.001907        0.000577        0.001181       -0.067858        0.285053        0.001164               0               0        0.000913       -0.161090        0.277566        0.001907       -0.002061        0.152892        0.230128
phi_cap_hat(-1)            -0.713045        0.005561       -0.002187        0.000539       -0.009471        0.193392       -0.003208               0               0       -0.001492       -0.023357        0.213392       -0.005561        0.005316       -0.005784        0.033367
MULT_9(-1)                         0        1.162596        0.710697        0.193834      -60.123221               0        0.994706               0               0       -1.259027     -140.739796               0       -1.162596        1.147640      124.905981      201.056851
MULT_11(-1)                        0        0.002136        0.002115        0.000356       -0.110483               0        0.001833               0               0       -0.000642       -0.258625               0       -0.002136        0.002092        0.229528        0.369464
MULT_12(-1)                        0        0.351112        0.362912        0.058539      -18.157621               0        0.301272               0               0       -0.089738      -42.504375               0       -0.351112        0.343637       37.722455       60.720535
MULT_15(-1)                        0       -0.288145       -0.285232       -0.048041       14.901337               0       -0.247206               0               0        0.086589       34.881883               0        0.288145       -0.282142      -30.957526      -49.831262
l_b_hat(-1)                        0        0.000449       -0.000620        0.003542       -0.182940        0.915826       -0.000095               0               0        0.000909       -0.435125        0.915826       -0.000449       -0.000181        0.386172        0.621607
eps_mu                             0        0.019763       -0.013253        0.003295       -1.022020               0       -0.010032               0               0        0.207831       -2.392402               0        0.980237       -0.887156        2.123247        3.417718
eps_z                              0       -0.596277        0.301611        0.067311      -20.878372               0        0.318841               0       -1.000000        0.000505      -48.873260               0        0.596277       -0.509369       43.374814       69.818943
eps_pm                             0       -0.718026        0.481530       -0.119713       37.132475               0       -0.635512        1.000000               0       -0.284516       86.921772               0        0.718026       -0.636329      -77.142710     -124.173961


THEORETICAL MOMENTS
VARIABLE             MEAN  STD. DEV.   VARIANCE
u_hat              0.0000     0.0562     0.0032
Q_hat              0.0000     0.0038     0.0000
pi                 0.0000     0.0009     0.0000
EE_hat             0.0000     0.0002     0.0000
AC_hat             0.0000     0.0685     0.0047
mismatch_hat       0.0000     0.0219     0.0005
varphi_hat         0.0000     0.0010     0.0000
pm_hat             0.0000     0.0002     0.0000
z_hat              0.0000     0.0050     0.0000
r_hat              0.0000     0.0019     0.0000
omega_hat          0.0000     0.1605     0.0257
l_b_hat            0.0000     0.0227     0.0005
lambda_hat         0.0000     0.0096     0.0001
W_hat              0.0000     0.0086     0.0001
v_hat              0.0000     0.1417     0.0201
teta_hat           0.0000     0.2292     0.0526



VARIANCE DECOMPOSITION (in percent)
                 eps_mu    eps_z  eps_mps   eps_pm
u_hat              6.73    90.34     0.00     2.94
Q_hat              1.16    98.33     0.00     0.51
pi                 0.72    98.97     0.00     0.31
EE_hat             5.14    92.62     0.00     2.24
AC_hat             5.04    92.77     0.00     2.20
mismatch_hat      10.26    85.27     0.00     4.48
varphi_hat         0.37    97.57     0.00     2.06
pm_hat             0.00     0.00     0.00   100.00
z_hat              0.00   100.00     0.00     0.00
r_hat             98.31     1.65     0.00     0.03
omega_hat          5.03    92.77     0.00     2.20
l_b_hat            9.56    86.27     0.00     4.17
lambda_hat        84.36    15.56     0.00     0.08
W_hat             84.98    14.93     0.00     0.09
v_hat              4.93    92.91     0.00     2.15
teta_hat           5.03    92.77     0.00     2.20



MATRIX OF CORRELATIONS
Variables              u_hat         Q_hat            pi        EE_hat        AC_hat  mismatch_hat    varphi_hat        pm_hat         z_hat         r_hat     omega_hat       l_b_hat    lambda_hat         W_hat         v_hat      teta_hat
u_hat                 1.0000        0.6181        0.1408       -0.4321        0.3607       -0.4719       -0.0255        0.1256        0.6545       -0.2538        0.3610       -0.5250       -0.4278        0.4233       -0.3481       -0.3610
Q_hat                 0.6181        1.0000       -0.2206       -0.4914        0.5795        0.0593       -0.4345       -0.0648        0.9750       -0.0119        0.5792        0.0143       -0.3039        0.2957       -0.5732       -0.5792
pi                    0.1408       -0.2206        1.0000        0.7929       -0.8304        0.0858        0.9554        0.0268       -0.3735       -0.0779       -0.8304        0.0730        0.0489       -0.0403        0.8368        0.8304
EE_hat               -0.4321       -0.4914        0.7929        1.0000       -0.9616        0.4542        0.8546       -0.1273       -0.6636        0.1932       -0.9619        0.4685        0.3799       -0.3706        0.9605        0.9619
AC_hat                0.3607        0.5795       -0.8304       -0.9616        1.0000       -0.1943       -0.9194        0.1415        0.7379       -0.2298        1.0000       -0.2126       -0.4356        0.4259       -0.9999       -1.0000
mismatch_hat         -0.4719        0.0593        0.0858        0.4542       -0.1943        1.0000        0.0389       -0.0070       -0.0365       -0.0280       -0.1952        0.9981       -0.0134        0.0153        0.1893        0.1952
varphi_hat           -0.0255       -0.4345        0.9554        0.8546       -0.9194        0.0389        1.0000       -0.1412       -0.5765       -0.0505       -0.9193        0.0394        0.1283       -0.1185        0.9237        0.9193
pm_hat                0.1256       -0.0648        0.0268       -0.1273        0.1415       -0.0070       -0.1412        1.0000        0.0000       -0.0065        0.1415       -0.0155        0.0258       -0.0267       -0.1404       -0.1415
z_hat                 0.6545        0.9750       -0.3735       -0.6636        0.7379       -0.0365       -0.5765        0.0000        1.0000       -0.0946        0.7378       -0.0806       -0.3878        0.3786       -0.7320       -0.7378
r_hat                -0.2538       -0.0119       -0.0779        0.1932       -0.2298       -0.0280       -0.0505       -0.0065       -0.0946        1.0000       -0.2297       -0.0094        0.9536       -0.9566        0.2271        0.2297
omega_hat             0.3610        0.5792       -0.8304       -0.9619        1.0000       -0.1952       -0.9193        0.1415        0.7378       -0.2297        1.0000       -0.2135       -0.4355        0.4258       -0.9999       -1.0000
l_b_hat              -0.5250        0.0143        0.0730        0.4685       -0.2126        0.9981        0.0394       -0.0155       -0.0806       -0.0094       -0.2135        1.0000        0.0167       -0.0146        0.2069        0.2135
lambda_hat           -0.4278       -0.3039        0.0489        0.3799       -0.4356       -0.0134        0.1283        0.0258       -0.3878        0.9536       -0.4355        0.0167        1.0000       -0.9999        0.4315        0.4355
W_hat                 0.4233        0.2957       -0.0403       -0.3706        0.4259        0.0153       -0.1185       -0.0267        0.3786       -0.9566        0.4258       -0.0146       -0.9999        1.0000       -0.4217       -0.4258
v_hat                -0.3481       -0.5732        0.8368        0.9605       -0.9999        0.1893        0.9237       -0.1404       -0.7320        0.2271       -0.9999        0.2069        0.4315       -0.4217        1.0000        0.9999
teta_hat             -0.3610       -0.5792        0.8304        0.9619       -1.0000        0.1952        0.9193       -0.1415       -0.7378        0.2297       -1.0000        0.2135        0.4355       -0.4258        0.9999        1.0000



COEFFICIENTS OF AUTOCORRELATION
Order                 1        2        3        4        5
u_hat            0.5818   0.3326   0.1841   0.0955   0.0428
Q_hat            0.8803   0.7523   0.6308   0.5223   0.4288
pi               0.0044  -0.0396  -0.0571  -0.0606  -0.0573
EE_hat           0.4966   0.2346   0.0830  -0.0031  -0.0504
AC_hat           0.3512   0.1997   0.1092   0.0552   0.0230
mismatch_hat     0.7203   0.5402   0.4205   0.3380   0.2788
varphi_hat       0.0403   0.0125  -0.0017  -0.0082  -0.0106
pm_hat           0.8000   0.6400   0.5120   0.4096   0.3277
z_hat            0.8000   0.6400   0.5120   0.4096   0.3277
r_hat            0.7894   0.6255   0.4969   0.3957   0.3155
omega_hat        0.3516   0.1997   0.1090   0.0548   0.0226
l_b_hat          0.6930   0.4992   0.3738   0.2901   0.2322
lambda_hat       0.8041   0.6462   0.5192   0.4172   0.3352
W_hat            0.8039   0.6458   0.5187   0.4166   0.3346
v_hat            0.3381   0.1919   0.1045   0.0524   0.0215
teta_hat         0.3516   0.1997   0.1090   0.0548   0.0226

MODEL SUMMARY

  Number of variables:         47
  Number of stochastic shocks: 4
  Number of state variables:   12
  Number of jumpers:           11
  Number of static variables:  25


MATRIX OF COVARIANCE OF EXOGENOUS SHOCKS
Variables      eps_mu     eps_z   eps_mps    eps_pm
eps_mu       0.000030  0.000000  0.000000  0.000000
eps_z        0.000000  0.000009  0.000000  0.000000
eps_mps      0.000000  0.000000  0.000001  0.000000
eps_pm       0.000000  0.000000  0.000000  0.000000

POLICY AND TRANSITION FUNCTIONS
                               u_hat           Q_hat              pi          EE_hat          AC_hat    mismatch_hat      varphi_hat          pm_hat           z_hat           r_hat       omega_hat         l_b_hat      lambda_hat           W_hat           v_hat        teta_hat
mu_hat(-1)                         0        0.015810       -0.010603        0.002636       -0.817616               0       -0.008026               0               0        0.166265       -1.913922               0        0.784190       -0.709725        1.698598        2.734174
z_hat(-1)                          0        0.477022       -0.241289       -0.053849       16.702698               0       -0.255073               0        0.800000       -0.000404       39.098608               0       -0.477022        0.407495      -34.699851      -55.855154
pm_hat(-1)                         0       -0.574421        0.385224       -0.095771       29.705980               0       -0.508410        0.800000               0       -0.227613       69.537418               0        0.574421       -0.509063      -61.714168      -99.339168
u_hat(-1)                   0.266955       -0.001907        0.000577        0.001181       -0.067858        0.285053        0.001164               0               0        0.000913       -0.161090        0.277566        0.001907       -0.002061        0.152892        0.230128
phi_cap_hat(-1)            -0.713045        0.005561       -0.002187        0.000539       -0.009471        0.193392       -0.003208               0               0       -0.001492       -0.023357        0.213392       -0.005561        0.005316       -0.005784        0.033367
MULT_9(-1)                         0        1.162596        0.710697        0.193834      -60.123221               0        0.994706               0               0       -1.259027     -140.739796               0       -1.162596        1.147640      124.905981      201.056851
MULT_11(-1)                        0        0.002136        0.002115        0.000356       -0.110483               0        0.001833               0               0       -0.000642       -0.258625               0       -0.002136        0.002092        0.229528        0.369464
MULT_12(-1)                        0        0.351112        0.362912        0.058539      -18.157621               0        0.301272               0               0       -0.089738      -42.504375               0       -0.351112        0.343637       37.722455       60.720535
MULT_15(-1)                        0       -0.288145       -0.285232       -0.048041       14.901337               0       -0.247206               0               0        0.086589       34.881883               0        0.288145       -0.282142      -30.957526      -49.831262
l_b_hat(-1)                        0        0.000449       -0.000620        0.003542       -0.182940        0.915826       -0.000095               0               0        0.000909       -0.435125        0.915826       -0.000449       -0.000181        0.386172        0.621607
eps_mu                             0        0.019763       -0.013253        0.003295       -1.022020               0       -0.010032               0               0        0.207831       -2.392402               0        0.980237       -0.887156        2.123247        3.417718
eps_z                              0       -0.596277        0.301611        0.067311      -20.878372               0        0.318841               0       -1.000000        0.000505      -48.873260               0        0.596277       -0.509369       43.374814       69.818943
eps_pm                             0       -0.718026        0.481530       -0.119713       37.132475               0       -0.635512        1.000000               0       -0.284516       86.921772               0        0.718026       -0.636329      -77.142710     -124.173961


MOMENTS OF SIMULATED VARIABLES
VARIABLE                  MEAN       STD. DEV.        VARIANCE        SKEWNESS        KURTOSIS
u_hat                -0.000089        0.055082        0.003034        0.005341       -0.064941
Q_hat                -0.000051        0.003707        0.000014       -0.021018       -0.054024
pi                   -0.000000        0.000930        0.000001       -0.015347       -0.001232
EE_hat               -0.000000        0.000236        0.000000       -0.001976       -0.070737
AC_hat               -0.000089        0.067309        0.004531       -0.000196       -0.026427
mismatch_hat         -0.000094        0.021467        0.000461       -0.018509       -0.070764
varphi_hat            0.000002        0.000955        0.000001       -0.003988        0.007422
pm_hat                0.000001        0.000164        0.000000        0.010889        0.071532
z_hat                -0.000053        0.004867        0.000024        0.000148       -0.048385
r_hat                -0.000011        0.001814        0.000003       -0.011737       -0.048477
omega_hat            -0.000209        0.157584        0.024833       -0.000170       -0.026583
l_b_hat              -0.000091        0.022240        0.000495       -0.012131       -0.074551
lambda_hat           -0.000021        0.009226        0.000085        0.018048       -0.058229
W_hat                 0.000020        0.008305        0.000069       -0.017624       -0.059270
v_hat                 0.000182        0.139147        0.019362        0.000292       -0.024329
teta_hat              0.000298        0.225120        0.050679        0.000170       -0.026583


CORRELATION OF SIMULATED VARIABLES
VARIABLE               u_hat         Q_hat            pi        EE_hat        AC_hat  mismatch_hat    varphi_hat        pm_hat         z_hat         r_hat     omega_hat       l_b_hat    lambda_hat         W_hat         v_hat      teta_hat
u_hat                 1.0000        0.6071        0.1466       -0.4249        0.3519       -0.4730       -0.0209        0.1552        0.6453       -0.2431        0.3522       -0.5260       -0.4180        0.4134       -0.3393       -0.3522
Q_hat                 0.6071        1.0000       -0.2230       -0.4835        0.5730        0.0708       -0.4382       -0.0359        0.9742        0.0194        0.5727        0.0262       -0.2768        0.2684       -0.5667       -0.5727
pi                    0.1466       -0.2230        1.0000        0.7937       -0.8329        0.0752        0.9550        0.0214       -0.3775       -0.0689       -0.8329        0.0624        0.0590       -0.0503        0.8393        0.8329
EE_hat               -0.4249       -0.4835        0.7937        1.0000       -0.9616        0.4480        0.8551       -0.1524       -0.6595        0.1974       -0.9619        0.4620        0.3853       -0.3759        0.9605        0.9619
AC_hat                0.3519        0.5730       -0.8329       -0.9616        1.0000       -0.1874       -0.9215        0.1674        0.7348       -0.2282        1.0000       -0.2053       -0.4364        0.4265       -0.9999       -1.0000
mismatch_hat         -0.4730        0.0708        0.0752        0.4480       -0.1874        1.0000        0.0281       -0.0142       -0.0266       -0.0114       -0.1883        0.9981       -0.0013        0.0030        0.1823        0.1883
varphi_hat           -0.0209       -0.4382        0.9550        0.8551       -0.9215        0.0281        1.0000       -0.1534       -0.5819       -0.0456       -0.9214        0.0286        0.1356       -0.1256        0.9257        0.9214
pm_hat                0.1552       -0.0359        0.0214       -0.1524        0.1674       -0.0142       -0.1534        1.0000        0.0321       -0.0344        0.1674       -0.0245       -0.0094        0.0082       -0.1660       -0.1674
z_hat                 0.6453        0.9742       -0.3775       -0.6595        0.7348       -0.0266       -0.5819        0.0321        1.0000       -0.0697        0.7346       -0.0705       -0.3676        0.3581       -0.7289       -0.7346
r_hat                -0.2431        0.0194       -0.0689        0.1974       -0.2282       -0.0114       -0.0456       -0.0344       -0.0697        1.0000       -0.2281        0.0059        0.9527       -0.9557        0.2257        0.2281
omega_hat             0.3522        0.5727       -0.8329       -0.9619        1.0000       -0.1883       -0.9214        0.1674        0.7346       -0.2281        1.0000       -0.2063       -0.4362        0.4263       -0.9999       -1.0000
l_b_hat              -0.5260        0.0262        0.0624        0.4620       -0.2053        0.9981        0.0286       -0.0245       -0.0705        0.0059       -0.2063        1.0000        0.0278       -0.0259        0.1996        0.2063
lambda_hat           -0.4180       -0.2768        0.0590        0.3853       -0.4364       -0.0013        0.1356       -0.0094       -0.3676        0.9527       -0.4362        0.0278        1.0000       -0.9999        0.4323        0.4362
W_hat                 0.4134        0.2684       -0.0503       -0.3759        0.4265        0.0030       -0.1256        0.0082        0.3581       -0.9557        0.4263       -0.0259       -0.9999        1.0000       -0.4224       -0.4263
v_hat                -0.3393       -0.5667        0.8393        0.9605       -0.9999        0.1823        0.9257       -0.1660       -0.7289        0.2257       -0.9999        0.1996        0.4323       -0.4224        1.0000        0.9999
teta_hat             -0.3522       -0.5727        0.8329        0.9619       -1.0000        0.1883        0.9214       -0.1674       -0.7346        0.2281       -1.0000        0.2063        0.4362       -0.4263        0.9999        1.0000


AUTOCORRELATION OF SIMULATED VARIABLES
VARIABLE              1        2        3        4        5
u_hat            0.5749   0.3338   0.1946   0.1113   0.0608
Q_hat            0.8780   0.7518   0.6328   0.5255   0.4320
pi              -0.0123  -0.0427  -0.0497  -0.0554  -0.0470
EE_hat           0.4881   0.2359   0.0949   0.0148  -0.0298
AC_hat           0.3394   0.1991   0.1174   0.0672   0.0380
mismatch_hat     0.7156   0.5407   0.4270   0.3479   0.2896
varphi_hat       0.0284   0.0146   0.0084   0.0024   0.0026
pm_hat           0.7988   0.6400   0.5141   0.4128   0.3264
z_hat            0.7951   0.6378   0.5138   0.4134   0.3319
r_hat            0.7756   0.6109   0.4791   0.3774   0.3009
omega_hat        0.3399   0.1992   0.1172   0.0669   0.0376
l_b_hat          0.6878   0.4998   0.3812   0.3012   0.2445
lambda_hat       0.7870   0.6254   0.4935   0.3909   0.3125
W_hat            0.7869   0.6250   0.4930   0.3903   0.3119
v_hat            0.3261   0.1913   0.1127   0.0643   0.0363
teta_hat         0.3399   0.1992   0.1172   0.0669   0.0376



VARIANCE DECOMPOSITION SIMULATING ONE SHOCK AT A TIME (in percent)
                          eps_mu             eps_z           eps_mps            eps_pm  Tot. lin. contr.
u_hat                       6.59             89.62              0.00              2.98             99.19
Q_hat                       1.15             98.18              0.00              0.52             99.86
pi                          0.73             99.08              0.00              0.31            100.13
EE_hat                      5.04             92.08              0.00              2.31             99.42
AC_hat                      4.92             92.25              0.00              2.22             99.39
mismatch_hat               10.03             84.17              0.00              4.45             98.65
varphi_hat                  0.37             97.23              0.00              2.05             99.66
pm_hat                      0.00              0.00              0.00            100.01            100.01
z_hat                       0.00            100.01              0.00              0.00            100.01
r_hat                      99.36              1.66              0.00              0.04            101.05
omega_hat                   4.92             92.25              0.00              2.22             99.39
l_b_hat                     9.35             85.25              0.00              4.16             98.76
lambda_hat                 86.52             15.86              0.00              0.08            102.46
W_hat                      87.15             15.22              0.00              0.09            102.46
v_hat                       4.82             92.41              0.00              2.17             99.40
teta_hat                    4.92             92.25              0.00              2.22             99.39
Note: numbers do not add up to 100 due to non-zero correlation of simulated shocks in small samples

Total computing time : 0h00m01s
Note: 22 warning(s) encountered in the preprocessor
Note: warning(s) encountered in MATLAB/Octave code
